80	121	0
38	40	41	42	43	44	45	47	48	49	50	51	52	53	54	55	56	57	58	59	60	61	62	65	66	67	68	69	70	71	72	73	74	75	76	77	78	79	80	81	82	83	84	85	86	87	88	89	90	95	97	98	99	100	101	102	103	104	105	106	107	108	109	110	111	112	113	114	115	116	117	118	119	120	121	122	123	124	125	126	
1	2	3	4	5	6	7	8	50	51	51	51	51	51	51	51	51	51	9	10	11	12	13	114	114	114	114	114	114	114	114	114	114	114	114	114	114	114	114	114	114	114	114	114	114	114	114	114	114	114	114	81	87	78	91	90	114	114	55	114	114	80	73	114	114	108	114	109	106	114	79	82	67	114	114	114	14	15	16	17	
18	-1	-1	-1	-1	-1	-1	-1	-1	-1	-1	-1	-1	-1	-1	-1	-1	-1	-1	-1	-1	-1	-1	-1	-1	-1	-1	-1	-1	-1	-1	-1	-1	-1	-1	-1	-1	-1	-1	-1	-1	-1	-1	-1	-1	-1	-1	-1	-1	-1	-1	-1	-1	-1	-1	-1	-1	-1	-1	-1	-1	-1	-1	-1	-1	-1	-1	-1	-1	-1	-1	-1	-1	-1	-1	-1	-1	-1	-1	-1	
-1	-1	-1	-1	-1	-1	-1	-1	-1	-1	-1	-1	-1	-1	-1	-1	-1	-1	-1	-1	-1	-1	-1	-1	-1	-1	-1	-1	-1	-1	-1	-1	-1	-1	-1	-1	-1	-1	-1	-1	-1	-1	-1	-1	-1	-1	-1	-1	-1	-1	-1	-1	-1	-1	-1	-1	-1	-1	-1	-1	-1	-1	-1	-1	-1	-1	-1	-1	-1	-1	-1	-1	-1	-1	-1	-1	-1	-1	-1	-1	
-1	-1	-1	-1	-1	-1	-1	-1	-1	-1	-1	-1	-1	-1	-1	-1	-1	-1	-1	-1	-1	-1	-1	-1	-1	-1	-1	-1	-1	-1	-1	-1	-1	-1	-1	-1	-1	-1	-1	-1	-1	-1	-1	-1	-1	-1	-1	-1	-1	-1	-1	-1	-1	-1	-1	-1	-1	-1	-1	-1	-1	-1	-1	-1	-1	-1	-1	-1	-1	-1	-1	-1	-1	-1	-1	-1	-1	-1	-1	-1	
-1	-1	-1	-1	-1	-1	-1	-1	-1	-1	-1	-1	-1	-1	-1	-1	-1	-1	-1	-1	-1	19	-1	-1	-1	-1	-1	-1	-1	-1	-1	-1	-1	-1	-1	-1	-1	-1	-1	-1	-1	-1	-1	-1	-1	-1	-1	-1	-1	-1	-1	-1	-1	-1	-1	-1	-1	-1	-1	-1	-1	-1	-1	-1	-1	-1	-1	-1	-1	-1	-1	-1	-1	-1	-1	-1	-1	-1	-1	-1	
-1	-1	-1	-1	-1	-1	-1	-1	-1	-1	-1	-1	-1	-1	-1	-1	-1	-1	-1	-1	-1	20	-1	-1	-1	-1	-1	-1	-1	-1	-1	-1	-1	-1	-1	-1	-1	-1	-1	-1	-1	-1	-1	-1	-1	-1	-1	-1	-1	-1	-1	-1	-1	-1	-1	-1	-1	-1	-1	-1	-1	-1	-1	-1	-1	-1	-1	-1	-1	-1	-1	-1	-1	-1	-1	-1	-1	-1	-1	-1	
-1	-1	-1	-1	-1	-1	-1	-1	-1	-1	-1	-1	-1	-1	-1	-1	-1	-1	-1	-1	-1	-1	-1	-1	-1	-1	-1	-1	-1	-1	-1	-1	-1	-1	-1	-1	-1	-1	-1	-1	-1	-1	-1	-1	-1	-1	-1	-1	-1	-1	-1	-1	-1	-1	-1	-1	-1	-1	-1	-1	-1	-1	-1	-1	-1	-1	-1	-1	-1	-1	-1	-1	-1	-1	-1	-1	-1	-1	-1	-1	
-1	-1	-1	-1	-1	-1	-1	-1	-1	-1	-1	-1	-1	-1	-1	-1	-1	-1	-1	-1	-1	21	-1	-1	-1	-1	-1	-1	-1	-1	-1	-1	-1	-1	-1	-1	-1	-1	-1	-1	-1	-1	-1	-1	-1	-1	-1	-1	-1	-1	-1	-1	-1	-1	-1	-1	-1	-1	-1	-1	-1	-1	-1	-1	-1	-1	-1	-1	-1	-1	-1	-1	-1	-1	-1	-1	-1	-1	-1	-1	
-1	-1	-1	-1	-1	-1	-1	-1	-1	-1	-1	-1	-1	-1	-1	-1	-1	-1	-1	-1	-1	22	-1	-1	-1	-1	-1	-1	-1	-1	-1	-1	-1	-1	-1	-1	-1	-1	-1	-1	-1	-1	-1	-1	-1	-1	-1	-1	-1	-1	-1	-1	-1	-1	-1	-1	-1	-1	-1	-1	-1	-1	-1	-1	-1	-1	-1	-1	-1	-1	-1	-1	-1	-1	-1	-1	-1	-1	-1	-1	
-1	-1	-1	-1	-1	-1	-1	-1	-1	-1	-1	-1	-1	-1	-1	-1	-1	-1	23	-1	-1	-1	-1	-1	-1	-1	-1	-1	-1	-1	-1	-1	-1	-1	-1	-1	-1	-1	-1	-1	-1	-1	-1	-1	-1	-1	-1	-1	-1	-1	-1	-1	-1	-1	-1	-1	-1	-1	-1	-1	-1	-1	-1	-1	-1	-1	-1	-1	-1	-1	-1	-1	-1	-1	-1	-1	-1	-1	-1	-1	
-1	-1	-1	-1	-1	-1	-1	-1	-1	-1	-1	-1	-1	-1	-1	-1	-1	-1	-1	-1	-1	-1	-1	-1	-1	-1	-1	-1	-1	-1	-1	-1	-1	-1	-1	-1	-1	-1	-1	-1	-1	-1	-1	-1	-1	-1	-1	-1	-1	-1	-1	-1	-1	-1	-1	-1	-1	-1	-1	-1	-1	-1	-1	-1	-1	-1	-1	-1	-1	-1	-1	-1	-1	-1	-1	-1	-1	-1	-1	-1	
-1	-1	-1	-1	-1	-1	-1	-1	-1	-1	-1	-1	-1	-1	-1	-1	-1	-1	-1	-1	-1	24	-1	-1	-1	-1	-1	-1	-1	-1	-1	-1	-1	-1	-1	-1	-1	-1	-1	-1	-1	-1	-1	-1	-1	-1	-1	-1	-1	-1	-1	-1	-1	-1	-1	-1	-1	-1	-1	-1	-1	-1	-1	-1	-1	-1	-1	-1	-1	-1	-1	-1	-1	-1	-1	-1	-1	-1	-1	-1	
-1	-1	-1	-1	-1	-1	-1	-1	-1	-1	-1	-1	-1	-1	-1	-1	-1	-1	-1	-1	-1	25	-1	-1	-1	-1	-1	-1	-1	-1	-1	-1	-1	-1	-1	-1	-1	-1	-1	-1	-1	-1	-1	-1	-1	-1	-1	-1	-1	-1	-1	-1	-1	-1	-1	-1	-1	-1	-1	-1	-1	-1	-1	-1	-1	-1	-1	-1	-1	-1	-1	-1	-1	-1	-1	-1	-1	-1	-1	-1	
-1	-1	-1	-1	-1	-1	-1	-1	-1	-1	-1	-1	-1	-1	-1	-1	-1	-1	-1	-1	-1	26	-1	-1	-1	-1	-1	-1	-1	-1	-1	-1	-1	-1	-1	-1	-1	-1	-1	-1	-1	-1	-1	-1	-1	-1	-1	-1	-1	-1	-1	-1	-1	-1	-1	-1	-1	-1	-1	-1	-1	-1	-1	-1	-1	-1	-1	-1	-1	-1	-1	-1	-1	-1	-1	-1	-1	-1	-1	-1	
-1	-1	-1	-1	-1	-1	-1	-1	-1	-1	-1	-1	-1	-1	-1	-1	-1	-1	-1	-1	-1	-1	-1	-1	-1	-1	-1	-1	-1	-1	-1	-1	-1	-1	-1	-1	-1	-1	-1	-1	-1	-1	-1	-1	-1	-1	-1	-1	-1	-1	-1	-1	-1	-1	-1	-1	-1	-1	-1	-1	-1	-1	-1	-1	-1	-1	-1	-1	-1	-1	-1	-1	-1	-1	-1	-1	-1	-1	-1	-1	
-1	-1	-1	-1	-1	-1	-1	-1	-1	-1	-1	-1	-1	-1	-1	-1	-1	-1	-1	-1	-1	-1	-1	-1	-1	-1	-1	-1	-1	-1	-1	-1	-1	-1	-1	-1	-1	-1	-1	-1	-1	-1	-1	-1	-1	-1	-1	-1	-1	-1	-1	-1	-1	-1	-1	-1	-1	-1	-1	-1	-1	-1	-1	-1	-1	-1	-1	-1	-1	-1	-1	-1	-1	-1	-1	-1	-1	29	-1	-1	
-1	-1	-1	-1	-1	-1	-1	-1	-1	-1	-1	-1	-1	-1	-1	-1	-1	-1	-1	-1	-1	-1	-1	-1	-1	-1	-1	-1	-1	-1	-1	-1	-1	-1	-1	-1	-1	-1	-1	-1	-1	-1	-1	-1	-1	-1	-1	-1	-1	-1	-1	-1	-1	-1	-1	-1	-1	-1	-1	-1	-1	-1	-1	-1	-1	-1	-1	-1	-1	-1	-1	-1	-1	-1	-1	-1	-1	-1	-1	-1	
-1	-1	-1	-1	-1	-1	-1	-1	-1	-1	-1	-1	-1	-1	-1	-1	-1	-1	-1	-1	-1	-1	-1	-1	-1	-1	-1	-1	-1	-1	-1	-1	-1	-1	-1	-1	-1	-1	-1	-1	-1	-1	-1	-1	-1	-1	-1	-1	-1	-1	-1	-1	-1	-1	-1	-1	-1	-1	-1	-1	-1	-1	-1	-1	-1	-1	-1	-1	-1	-1	-1	-1	-1	-1	-1	-1	-1	-1	-1	-1	
-1	-1	-1	-1	-1	-1	-1	-1	-1	-1	-1	-1	-1	-1	-1	-1	-1	-1	-1	-1	-1	-1	-1	-1	-1	-1	-1	-1	-1	-1	-1	-1	-1	-1	-1	-1	-1	-1	-1	-1	-1	-1	-1	-1	-1	-1	-1	-1	-1	-1	-1	-1	-1	-1	-1	-1	-1	-1	-1	-1	-1	-1	-1	-1	-1	-1	-1	-1	-1	-1	-1	-1	-1	-1	-1	-1	-1	-1	-1	-1	
-1	-1	-1	-1	-1	-1	-1	-1	-1	-1	-1	-1	-1	-1	-1	-1	-1	-1	-1	-1	-1	-1	-1	-1	-1	-1	-1	-1	-1	-1	-1	-1	-1	-1	-1	-1	-1	-1	-1	-1	-1	-1	-1	-1	-1	-1	-1	-1	-1	-1	-1	-1	-1	-1	-1	-1	-1	-1	-1	-1	-1	-1	-1	-1	-1	-1	-1	-1	-1	-1	-1	-1	-1	-1	-1	-1	-1	-1	-1	-1	
-1	-1	-1	-1	-1	-1	-1	-1	-1	-1	-1	-1	-1	-1	-1	-1	-1	-1	-1	-1	-1	-1	-1	-1	-1	-1	-1	-1	-1	-1	-1	-1	-1	-1	-1	-1	-1	-1	-1	-1	-1	-1	-1	-1	-1	-1	-1	-1	-1	-1	-1	-1	-1	-1	-1	-1	-1	-1	-1	-1	-1	-1	-1	-1	-1	-1	-1	-1	-1	-1	-1	-1	-1	-1	-1	-1	-1	-1	-1	-1	
-1	-1	-1	-1	-1	-1	-1	-1	-1	-1	-1	-1	-1	-1	-1	-1	-1	-1	-1	-1	-1	-1	-1	-1	-1	-1	-1	-1	-1	-1	-1	-1	-1	-1	-1	-1	-1	-1	-1	-1	-1	-1	-1	-1	-1	-1	-1	-1	-1	-1	-1	-1	-1	-1	-1	-1	-1	-1	-1	-1	-1	-1	-1	-1	-1	-1	-1	-1	-1	-1	-1	-1	-1	-1	-1	-1	-1	-1	-1	-1	
-1	-1	-1	-1	-1	-1	-1	-1	-1	-1	-1	-1	-1	-1	-1	-1	-1	-1	-1	-1	-1	-1	-1	-1	-1	-1	-1	-1	-1	-1	-1	-1	-1	-1	-1	-1	-1	-1	-1	-1	-1	-1	-1	-1	-1	-1	-1	-1	-1	-1	-1	-1	-1	-1	-1	-1	-1	-1	-1	-1	-1	-1	-1	-1	-1	-1	-1	-1	-1	-1	-1	-1	-1	-1	-1	-1	-1	-1	-1	-1	
-1	-1	-1	-1	-1	-1	-1	-1	-1	-1	-1	-1	-1	-1	-1	-1	-1	-1	-1	-1	-1	-1	-1	-1	-1	-1	-1	-1	-1	-1	-1	-1	-1	-1	-1	-1	-1	-1	-1	-1	-1	-1	-1	-1	-1	-1	-1	-1	-1	-1	-1	-1	-1	-1	-1	-1	-1	-1	-1	-1	-1	-1	-1	-1	-1	-1	-1	-1	-1	-1	-1	-1	-1	-1	-1	-1	-1	-1	-1	-1	
-1	-1	-1	-1	-1	-1	-1	-1	-1	-1	-1	-1	-1	-1	-1	-1	-1	-1	-1	-1	-1	-1	-1	-1	-1	-1	-1	-1	-1	-1	-1	-1	-1	-1	-1	-1	-1	-1	-1	-1	-1	-1	-1	-1	-1	-1	-1	-1	-1	-1	-1	-1	-1	-1	-1	-1	-1	-1	-1	-1	-1	-1	-1	-1	-1	-1	-1	-1	-1	-1	-1	-1	-1	-1	-1	-1	-1	-1	-1	-1	
-1	-1	-1	-1	-1	-1	-1	-1	-1	-1	-1	-1	-1	-1	-1	-1	-1	-1	-1	-1	-1	-1	-1	-1	-1	-1	-1	-1	-1	-1	-1	-1	-1	-1	-1	-1	-1	-1	-1	-1	-1	-1	-1	-1	-1	-1	-1	-1	-1	-1	-1	-1	-1	-1	-1	-1	-1	-1	-1	-1	-1	-1	-1	-1	-1	-1	-1	-1	-1	-1	-1	-1	-1	-1	-1	-1	-1	-1	-1	-1	
-1	-1	-1	-1	-1	-1	-1	-1	-1	-1	-1	-1	-1	-1	-1	-1	-1	-1	-1	-1	-1	-1	-1	-1	-1	-1	-1	-1	-1	-1	-1	-1	-1	-1	-1	-1	-1	-1	-1	-1	-1	-1	-1	-1	-1	-1	-1	-1	-1	-1	-1	-1	-1	-1	-1	-1	-1	-1	-1	-1	-1	-1	-1	-1	-1	-1	-1	-1	-1	-1	-1	-1	-1	-1	-1	-1	-1	-1	-1	-1	
-1	-1	-1	-1	-1	-1	-1	-1	114	114	114	114	114	114	114	114	114	114	-1	-1	-1	-1	-1	114	114	114	114	114	114	114	114	114	114	114	114	114	114	114	114	114	114	114	114	114	114	114	114	114	114	114	114	114	114	114	114	114	114	114	114	114	114	114	114	114	114	114	114	114	114	114	117	114	114	114	114	114	-1	-1	-1	-1	
-1	-1	-1	-1	-1	-1	-1	-1	114	114	114	114	114	114	114	114	114	114	-1	-1	-1	-1	-1	114	114	114	114	114	114	114	114	114	114	114	114	114	114	114	114	114	114	114	114	114	114	114	114	114	114	114	114	114	114	114	114	114	114	114	114	114	114	114	114	114	114	114	114	114	114	114	114	114	114	114	114	114	-1	-1	-1	-1	
-1	-1	-1	-1	-1	-1	-1	-1	-1	-1	-1	-1	-1	-1	-1	-1	-1	-1	-1	-1	-1	-1	-1	-1	-1	-1	-1	-1	-1	-1	-1	-1	-1	-1	-1	-1	-1	-1	-1	-1	-1	-1	-1	-1	-1	-1	-1	-1	-1	-1	-1	-1	-1	-1	-1	-1	-1	-1	-1	-1	-1	-1	-1	-1	-1	-1	-1	-1	-1	-1	-1	-1	-1	-1	-1	-1	-1	-1	-1	-1	
-1	-1	-1	-1	-1	-1	-1	-1	114	114	114	114	114	114	114	114	114	114	-1	-1	-1	-1	-1	114	114	114	114	114	114	114	114	114	114	114	114	114	114	114	114	114	114	114	114	114	114	114	114	114	114	114	114	114	114	114	114	114	114	114	114	114	114	114	114	114	114	114	114	114	114	114	114	114	114	114	114	114	-1	-1	-1	-1	
-1	-1	-1	-1	-1	-1	-1	-1	114	114	114	114	114	114	114	114	114	114	-1	-1	-1	-1	-1	114	114	114	114	114	114	114	114	114	114	114	114	114	114	114	114	114	114	114	114	114	114	114	114	114	114	114	114	114	114	114	114	114	114	114	114	114	114	114	114	114	114	114	114	114	114	114	114	114	114	114	114	114	-1	-1	-1	-1	
-1	-1	-1	-1	-1	-1	-1	-1	114	114	114	114	114	114	114	114	114	114	-1	-1	-1	-1	-1	114	114	114	114	114	114	114	114	114	114	114	114	114	114	114	114	114	114	114	114	114	114	114	114	114	114	114	114	114	114	114	114	114	114	114	114	114	114	114	114	114	114	114	114	114	114	114	114	114	114	114	114	114	-1	-1	-1	-1	
-1	-1	-1	-1	-1	-1	-1	-1	114	114	114	114	114	114	114	114	114	114	-1	-1	-1	-1	-1	114	114	114	114	114	114	114	114	114	114	114	114	114	114	114	114	114	114	114	114	114	114	114	114	114	114	114	114	114	114	114	114	114	114	114	114	114	114	114	114	114	114	114	114	114	114	114	114	114	114	114	114	114	-1	-1	-1	-1	
-1	-1	-1	-1	-1	-1	-1	-1	114	114	114	114	114	114	114	114	114	114	-1	-1	-1	-1	-1	114	114	114	114	114	114	114	114	114	114	114	114	114	114	114	114	114	114	114	114	114	114	114	114	114	114	114	114	114	114	114	114	114	114	114	114	114	114	114	114	114	114	114	114	114	114	114	114	114	114	114	114	114	-1	-1	-1	-1	
-1	-1	-1	-1	-1	-1	-1	-1	114	114	114	114	114	114	114	114	114	114	-1	-1	-1	-1	-1	114	114	114	114	114	114	114	114	114	114	114	114	114	114	114	114	114	114	114	114	114	114	114	114	114	114	114	114	114	114	114	114	114	114	114	114	114	114	114	114	114	114	114	114	114	114	114	114	114	114	114	114	114	-1	-1	-1	-1	
-1	-1	-1	-1	-1	-1	-1	-1	114	114	114	114	114	114	114	114	114	114	-1	-1	-1	-1	-1	114	114	114	114	114	114	114	114	114	114	114	114	114	114	114	114	114	114	114	114	114	114	114	114	114	114	114	114	114	114	114	114	114	114	114	114	114	114	114	114	114	114	114	114	114	114	114	114	114	114	114	114	114	-1	-1	-1	-1	
-1	-1	-1	-1	-1	-1	-1	-1	114	114	114	114	114	114	114	114	114	114	-1	-1	-1	-1	-1	114	114	114	114	114	114	114	114	114	114	114	114	114	114	114	114	114	114	114	114	114	114	114	114	114	114	114	114	114	114	114	114	114	114	114	114	114	114	114	114	114	114	114	114	114	114	114	114	114	114	114	114	114	-1	-1	-1	-1	
-1	-1	-1	-1	-1	-1	-1	-1	114	114	114	114	114	114	114	114	114	114	-1	-1	-1	-1	-1	114	114	114	114	114	114	114	114	114	114	114	114	114	114	114	114	114	114	114	114	114	114	114	114	114	114	114	114	114	114	114	114	114	114	114	114	114	114	114	114	114	114	114	114	114	114	114	114	114	114	114	114	114	-1	-1	-1	-1	
-1	-1	-1	-1	-1	-1	-1	-1	114	114	114	114	114	114	114	114	114	114	-1	-1	-1	-1	-1	114	114	114	114	114	114	114	114	114	114	114	114	114	114	114	114	114	114	114	114	114	114	114	114	114	114	114	114	114	114	114	114	114	114	114	114	114	114	114	114	114	114	114	114	114	114	114	114	114	114	114	114	114	-1	-1	-1	-1	
-1	-1	-1	-1	-1	-1	-1	-1	114	114	114	114	114	114	114	114	114	114	-1	-1	-1	-1	-1	114	114	114	114	114	114	114	114	114	114	114	114	114	114	114	114	114	114	114	114	114	114	114	114	114	114	114	114	114	114	114	114	114	114	114	114	114	114	114	114	114	114	114	114	114	114	114	114	114	114	114	114	114	-1	-1	-1	-1	
-1	-1	-1	-1	-1	-1	-1	-1	114	114	114	114	114	114	114	114	114	114	-1	-1	-1	-1	-1	114	114	114	114	114	114	114	114	114	114	114	114	114	114	114	114	114	114	114	114	114	114	114	114	114	114	114	114	114	114	114	114	114	114	114	114	114	114	114	114	114	114	114	114	114	114	114	114	114	114	114	114	114	-1	-1	-1	-1	
-1	-1	-1	-1	-1	-1	-1	-1	114	114	114	114	114	114	114	114	114	114	-1	-1	-1	-1	-1	114	114	114	114	114	114	114	114	114	114	114	114	114	114	114	114	114	114	114	114	114	114	114	114	114	114	114	114	114	114	114	114	114	114	114	114	114	114	114	114	114	114	114	114	114	114	114	114	114	114	114	114	114	-1	-1	-1	-1	
-1	-1	-1	-1	-1	-1	-1	-1	114	114	114	114	114	114	114	114	114	114	-1	-1	-1	-1	-1	114	114	114	114	114	114	114	114	114	114	114	114	114	114	114	114	114	114	114	114	114	114	114	114	114	114	114	114	114	114	114	114	114	114	114	114	114	114	114	114	114	114	114	114	114	114	114	114	114	114	114	114	114	-1	-1	-1	-1	
-1	-1	-1	-1	-1	-1	-1	-1	114	114	114	114	114	114	114	114	114	114	-1	-1	-1	-1	-1	114	114	114	114	114	114	114	114	114	114	114	114	114	114	114	114	114	114	114	114	114	114	114	114	114	114	114	114	114	114	114	114	114	114	114	114	114	114	114	114	114	114	114	114	114	114	114	114	114	114	114	114	114	-1	-1	-1	-1	
-1	-1	-1	-1	-1	-1	-1	-1	114	114	114	114	114	114	114	114	114	114	-1	-1	-1	-1	-1	114	114	114	114	114	114	114	114	114	114	114	114	114	114	114	114	114	114	114	114	114	114	114	114	114	114	114	114	114	114	114	114	114	114	114	114	114	114	114	114	114	114	114	114	114	114	114	114	114	114	114	114	114	-1	-1	-1	-1	
-1	-1	-1	-1	-1	-1	-1	-1	114	114	114	114	114	114	114	114	114	114	-1	-1	-1	-1	-1	114	114	114	114	114	114	114	114	114	114	114	114	114	114	114	114	114	114	114	114	114	114	114	114	114	114	114	114	114	114	114	114	114	114	114	114	114	114	114	114	114	114	114	114	114	114	114	114	114	114	114	114	114	-1	-1	-1	-1	
-1	-1	-1	-1	-1	-1	-1	-1	114	114	114	114	114	114	114	114	114	114	-1	-1	-1	-1	-1	114	114	114	114	114	114	114	114	114	114	114	114	114	114	114	114	114	114	114	114	114	114	114	114	114	114	114	114	114	114	114	114	114	114	114	114	114	114	114	114	114	114	114	114	114	114	114	114	114	114	114	114	114	-1	-1	-1	-1	
-1	-1	-1	-1	-1	-1	-1	-1	114	114	114	114	114	114	114	114	114	114	-1	-1	-1	-1	-1	114	114	114	114	114	114	114	114	114	114	114	114	114	114	114	114	114	114	114	114	114	114	114	114	114	114	114	114	114	114	114	114	114	114	114	114	114	114	114	114	114	114	114	114	114	114	114	114	114	114	114	114	114	-1	-1	-1	-1	
-1	-1	-1	-1	-1	-1	-1	-1	114	114	114	114	114	114	114	114	114	114	-1	-1	-1	-1	-1	114	114	114	114	114	114	114	114	114	114	114	114	114	114	114	114	114	114	114	114	114	114	114	114	114	114	114	114	114	114	114	114	114	114	114	114	114	114	114	114	114	114	114	114	114	114	114	114	114	114	114	114	114	-1	-1	-1	-1	
-1	-1	-1	-1	-1	-1	-1	-1	-1	-1	-1	-1	-1	-1	-1	-1	-1	-1	-1	-1	-1	-1	-1	-1	-1	-1	-1	-1	-1	-1	-1	-1	-1	-1	-1	-1	-1	-1	-1	-1	-1	-1	-1	-1	-1	-1	-1	-1	-1	-1	-1	-1	-1	-1	-1	-1	-1	-1	-1	-1	-1	-1	-1	-1	-1	-1	-1	-1	-1	-1	-1	-1	-1	-1	-1	-1	-1	-1	-1	-1	
-1	-1	-1	-1	-1	-1	-1	-1	51	51	51	51	51	51	51	51	51	51	-1	-1	-1	-1	-1	-1	-1	-1	-1	-1	-1	-1	-1	-1	-1	-1	-1	-1	-1	-1	-1	-1	-1	-1	-1	-1	-1	-1	-1	-1	-1	-1	-1	-1	-1	-1	-1	-1	-1	-1	-1	-1	-1	-1	-1	-1	-1	-1	-1	-1	-1	-1	-1	-1	-1	-1	-1	-1	-1	-1	-1	-1	
-1	-1	-1	-1	-1	-1	-1	-1	114	114	114	114	114	114	114	114	114	114	-1	-1	-1	-1	-1	114	114	114	114	114	114	114	114	114	114	114	114	114	114	114	114	114	114	114	114	114	114	114	114	114	114	114	114	114	114	38	114	114	114	114	114	114	114	114	114	114	114	114	114	114	114	114	114	114	114	114	114	114	-1	-1	-1	-1	
-1	-1	-1	-1	-1	-1	-1	-1	114	114	114	114	114	114	114	114	114	114	-1	-1	-1	-1	-1	114	114	114	114	114	114	114	114	114	114	114	114	114	114	114	114	114	114	114	114	114	114	114	114	114	114	114	114	114	45	114	114	114	114	114	114	114	114	114	114	114	114	114	114	114	114	114	114	114	114	114	114	114	-1	-1	-1	-1	
-1	-1	-1	-1	-1	-1	-1	-1	114	114	114	114	114	114	114	114	114	114	-1	-1	-1	-1	-1	114	114	114	114	114	114	114	114	114	114	114	114	114	114	114	114	114	114	114	114	114	114	114	114	114	114	114	114	114	47	114	114	114	114	114	114	114	114	114	114	114	114	114	114	114	114	114	114	114	114	114	114	114	-1	-1	-1	-1	
-1	-1	-1	-1	-1	-1	-1	-1	114	114	114	114	114	114	114	114	114	114	-1	-1	-1	-1	-1	114	114	114	114	114	114	114	114	114	114	114	114	114	114	114	114	114	114	114	114	114	114	114	114	114	114	114	114	114	114	114	114	28	114	114	114	114	114	114	114	96	114	114	114	114	114	114	114	114	114	114	114	114	-1	-1	-1	-1	
-1	-1	-1	-1	-1	-1	-1	-1	114	114	114	114	114	114	114	114	114	114	-1	-1	-1	-1	-1	114	114	114	114	114	114	114	114	114	114	114	114	114	114	114	114	114	114	114	114	114	114	114	114	114	114	114	114	114	114	114	34	114	114	114	114	114	114	114	114	114	114	114	114	114	114	114	114	114	114	114	114	114	-1	-1	-1	-1	
-1	-1	-1	-1	-1	-1	-1	-1	114	114	114	114	114	114	114	114	114	114	-1	-1	-1	-1	-1	114	114	114	114	114	114	114	114	114	114	114	114	114	114	114	114	114	114	114	114	114	114	114	114	114	114	114	114	114	114	114	114	114	36	114	114	114	114	114	114	114	114	114	114	114	114	114	114	114	114	114	114	114	-1	-1	-1	-1	
-1	-1	-1	-1	-1	-1	-1	-1	114	114	114	114	114	114	114	114	114	114	-1	-1	-1	-1	-1	114	114	114	114	114	114	114	114	114	114	114	114	114	114	114	114	114	114	114	114	114	114	114	114	114	114	114	114	114	114	114	43	114	114	114	114	114	114	114	114	114	114	114	114	114	114	114	114	114	114	114	114	114	-1	-1	-1	-1	
-1	-1	-1	-1	-1	-1	-1	-1	114	114	114	114	114	114	114	114	114	114	-1	-1	-1	-1	-1	114	114	114	114	114	114	114	114	114	114	114	114	114	114	114	114	114	114	114	114	114	114	114	114	114	114	114	114	114	114	114	44	114	114	114	114	114	114	114	114	114	114	114	114	114	114	114	114	114	114	114	114	114	-1	-1	-1	-1	
-1	-1	-1	-1	-1	-1	-1	-1	114	114	114	114	114	114	114	114	114	114	-1	-1	-1	-1	-1	114	114	114	114	114	114	114	114	114	114	114	114	114	114	114	114	114	114	114	114	114	114	114	114	114	114	114	114	114	114	114	49	114	114	114	114	114	114	114	114	114	114	114	114	114	114	114	114	114	114	114	114	114	-1	-1	-1	-1	
-1	-1	-1	-1	-1	-1	-1	-1	114	114	114	114	114	114	114	114	114	114	-1	-1	-1	-1	-1	114	114	114	114	114	114	114	114	114	114	114	114	114	114	114	114	114	114	114	114	114	114	114	114	114	114	114	114	114	114	114	114	114	114	114	52	114	114	114	114	114	114	114	114	114	114	114	114	114	114	114	114	114	-1	-1	-1	-1	
-1	-1	-1	-1	-1	-1	-1	-1	114	114	114	114	114	114	114	114	114	114	-1	-1	-1	-1	-1	114	114	114	114	114	114	114	114	114	114	114	114	114	114	114	114	114	114	114	114	114	114	114	114	114	114	114	114	114	114	114	114	114	114	114	114	114	114	32	114	114	114	114	114	114	114	114	114	114	114	114	114	114	-1	-1	-1	-1	
-1	-1	-1	-1	-1	-1	-1	-1	114	114	114	114	114	114	114	114	114	114	-1	-1	-1	-1	-1	114	114	114	114	114	114	114	114	114	114	114	114	114	114	114	114	114	114	114	114	114	114	114	114	114	114	114	114	114	114	114	114	114	114	114	53	114	114	114	114	114	114	114	114	114	114	114	114	114	114	114	114	114	-1	-1	-1	-1	
-1	-1	-1	-1	-1	-1	-1	-1	114	114	114	114	114	114	114	114	114	114	-1	-1	-1	-1	-1	114	114	114	114	114	114	114	114	114	114	114	114	114	114	114	114	114	114	114	114	114	114	114	114	114	114	114	114	114	114	114	114	114	114	114	54	114	114	114	114	114	114	114	114	114	114	114	114	114	114	114	114	114	-1	-1	-1	-1	
-1	-1	-1	-1	-1	-1	-1	-1	114	114	114	114	114	114	114	114	114	114	-1	-1	-1	-1	-1	114	114	114	114	114	114	114	114	114	114	114	114	114	114	114	114	114	114	114	114	114	114	114	114	114	114	114	114	114	114	114	114	114	114	114	68	114	114	114	114	114	114	114	114	114	114	114	114	114	114	114	114	114	-1	-1	-1	-1	
-1	-1	-1	-1	-1	-1	-1	-1	114	114	114	114	114	114	114	114	114	114	-1	-1	-1	-1	-1	114	114	114	114	114	114	114	114	114	114	114	114	114	114	114	114	114	114	114	114	114	114	114	114	114	114	114	114	114	114	114	114	114	114	114	114	114	114	63	114	114	114	114	114	114	114	114	114	114	114	114	114	114	-1	-1	-1	-1	
-1	-1	-1	-1	-1	-1	-1	-1	114	114	114	114	114	114	114	114	114	114	-1	-1	-1	-1	-1	114	114	114	114	114	114	114	114	114	114	114	114	114	114	114	114	114	114	114	114	114	114	114	114	114	114	114	114	114	114	114	114	114	114	65	114	114	114	114	114	114	114	114	114	114	114	114	114	114	114	114	114	114	-1	-1	-1	-1	
-1	-1	-1	-1	-1	-1	-1	-1	114	114	114	114	114	114	114	114	114	114	-1	-1	-1	-1	-1	114	114	114	114	114	114	114	114	114	114	114	114	114	114	114	114	114	114	114	114	114	114	114	114	114	114	114	114	114	114	114	114	114	114	114	114	114	114	58	114	114	114	114	114	114	114	114	114	114	114	114	114	114	-1	-1	-1	-1	
-1	-1	-1	-1	-1	-1	-1	-1	114	114	114	114	114	114	114	114	114	114	-1	-1	-1	-1	-1	114	114	114	114	114	114	114	114	114	114	114	114	114	114	114	114	114	114	114	114	114	114	114	114	114	114	114	114	114	114	114	114	114	114	114	114	114	114	59	114	114	114	114	114	114	114	114	114	114	114	114	114	114	-1	-1	-1	-1	
-1	-1	-1	-1	-1	-1	-1	-1	114	114	114	114	114	114	114	114	114	114	-1	-1	-1	-1	-1	114	114	114	114	114	114	114	114	114	114	114	114	114	114	114	114	114	114	114	114	114	114	114	114	114	114	114	114	114	114	114	114	114	114	114	114	114	114	114	35	114	114	114	114	114	114	114	114	114	114	114	114	114	-1	-1	-1	-1	
-1	-1	-1	-1	-1	-1	-1	-1	114	114	114	114	114	114	114	114	114	114	-1	-1	-1	-1	-1	114	114	114	114	114	114	114	114	114	114	114	114	114	114	114	114	114	114	114	114	114	114	114	114	114	114	114	114	114	114	114	114	114	114	114	74	114	114	114	114	114	114	114	114	114	114	114	114	114	114	114	114	114	-1	-1	-1	-1	
-1	-1	-1	-1	-1	-1	-1	-1	114	114	114	114	114	114	114	114	114	114	-1	-1	-1	-1	-1	114	114	114	114	114	114	114	114	114	114	114	114	114	114	114	114	114	114	114	114	114	114	114	114	114	114	114	114	114	114	114	114	114	114	114	114	114	114	114	114	57	114	114	114	114	114	114	114	114	114	114	114	114	-1	-1	-1	-1	
-1	-1	-1	-1	-1	-1	-1	-1	114	114	114	114	114	114	114	114	114	114	-1	-1	-1	-1	-1	114	114	114	114	114	114	114	114	114	114	114	114	114	114	114	114	114	114	114	114	114	114	114	114	114	114	114	71	114	114	114	114	114	114	114	114	114	114	114	114	114	114	114	114	114	114	114	114	114	114	114	114	114	-1	-1	-1	-1	
-1	-1	-1	-1	-1	-1	-1	-1	114	114	114	114	114	114	114	114	114	114	-1	-1	-1	-1	-1	114	114	114	114	114	114	114	114	114	114	114	114	114	114	114	114	114	114	114	114	114	114	114	114	114	114	114	114	114	114	114	114	114	114	114	114	114	114	114	114	37	114	114	114	114	114	114	114	114	114	114	114	114	-1	-1	-1	-1	
-1	-1	-1	-1	-1	-1	-1	-1	114	114	114	114	114	114	114	114	114	114	-1	-1	-1	-1	-1	114	114	114	114	114	114	114	114	114	114	114	114	114	114	114	114	114	114	114	114	114	114	114	114	114	114	114	114	114	114	114	114	114	114	114	114	114	114	114	114	42	114	114	114	114	114	114	114	114	114	114	114	114	-1	-1	-1	-1	
-1	-1	-1	-1	-1	-1	-1	-1	114	114	114	114	114	114	114	114	114	114	-1	-1	-1	-1	-1	114	114	114	114	114	114	114	114	114	114	114	114	114	114	114	114	114	114	114	114	114	114	114	114	114	114	114	114	114	114	114	114	114	114	114	114	114	114	114	114	46	114	114	114	114	114	114	114	114	114	114	114	114	-1	-1	-1	-1	
-1	-1	-1	-1	-1	-1	-1	-1	114	114	114	114	114	114	114	114	114	114	-1	-1	-1	-1	-1	114	114	114	114	114	114	114	114	114	114	114	114	114	114	114	114	114	114	114	114	114	114	114	114	114	114	114	114	114	114	114	114	114	114	114	84	114	114	114	114	114	114	114	114	114	114	114	114	114	114	114	114	114	-1	-1	-1	-1	
-1	-1	-1	-1	-1	-1	-1	-1	114	114	114	114	114	114	114	114	114	114	-1	-1	-1	-1	-1	114	114	114	114	114	114	114	114	114	114	114	114	114	114	114	114	114	114	114	114	114	114	114	114	114	114	114	114	114	114	114	114	114	114	114	114	114	114	114	114	114	27	114	114	114	114	114	114	114	114	114	114	114	-1	-1	-1	-1	
-1	-1	-1	-1	-1	-1	-1	-1	114	114	114	114	114	114	114	114	114	114	-1	-1	-1	-1	-1	114	114	114	114	114	114	114	114	114	114	114	114	114	114	114	114	114	114	114	114	114	114	114	114	114	114	114	114	114	114	114	114	114	114	114	114	114	114	114	114	77	114	114	114	114	114	114	114	114	114	114	114	114	-1	-1	-1	-1	
-1	-1	-1	-1	-1	-1	-1	-1	114	114	114	114	114	114	114	114	114	114	-1	-1	-1	-1	-1	114	114	114	114	114	114	114	114	114	114	114	114	114	114	114	114	114	114	114	114	114	114	114	114	114	114	114	114	114	114	114	114	114	114	114	114	114	114	114	114	114	72	114	114	114	114	114	114	114	114	114	114	114	-1	-1	-1	-1	
-1	-1	-1	-1	-1	-1	-1	-1	114	114	114	114	114	114	114	114	114	114	-1	-1	-1	-1	-1	114	114	114	114	114	114	114	114	114	114	114	114	114	114	114	114	114	114	114	114	114	114	114	114	114	114	114	114	114	114	114	114	114	114	114	114	114	114	114	114	114	83	114	114	114	114	114	114	114	114	114	114	114	-1	-1	-1	-1	
-1	-1	-1	-1	-1	-1	-1	-1	114	114	114	114	114	114	114	114	114	114	-1	-1	-1	-1	-1	114	114	114	114	114	114	114	114	114	114	114	114	114	114	114	114	114	114	114	114	114	114	114	114	114	114	114	114	114	114	114	114	114	114	114	114	114	114	114	114	114	61	114	114	114	114	114	114	114	114	114	114	114	-1	-1	-1	-1	
-1	-1	-1	-1	-1	-1	-1	-1	114	114	114	114	114	114	114	114	114	114	-1	-1	-1	-1	-1	114	114	114	114	114	114	114	114	114	114	114	114	114	114	114	114	114	114	114	114	114	114	114	114	114	114	114	114	114	114	114	114	114	114	114	114	114	114	114	114	114	62	114	114	114	114	114	114	114	114	114	114	114	-1	-1	-1	-1	
-1	-1	-1	-1	-1	-1	-1	-1	114	114	114	114	114	114	114	114	114	114	-1	-1	-1	-1	-1	114	114	114	114	114	114	114	114	114	114	114	114	114	114	114	114	114	114	114	114	114	114	114	114	114	114	114	114	114	114	114	114	114	114	114	114	114	114	114	114	114	75	114	114	114	114	114	114	114	114	114	114	114	-1	-1	-1	-1	
-1	-1	-1	-1	-1	-1	-1	-1	114	114	114	114	114	114	114	114	114	114	-1	-1	-1	-1	-1	114	114	114	114	114	114	114	114	114	114	114	114	114	114	114	114	114	114	114	114	114	114	114	114	114	114	114	88	114	114	114	114	114	114	114	114	114	114	114	114	114	114	114	114	114	114	114	114	114	114	114	114	114	-1	-1	-1	-1	
-1	-1	-1	-1	-1	-1	-1	-1	114	114	114	114	114	114	114	114	114	114	-1	-1	-1	-1	-1	114	114	114	114	114	114	114	114	114	114	114	114	114	114	114	114	114	114	114	114	114	114	114	114	114	114	114	114	114	114	114	114	114	114	114	114	114	114	114	114	114	114	114	114	30	114	114	114	114	114	114	114	114	-1	-1	-1	-1	
-1	-1	-1	-1	-1	-1	-1	-1	114	114	114	114	114	114	114	114	114	114	-1	-1	-1	-1	-1	114	114	114	114	114	114	114	114	114	114	114	114	114	114	114	114	114	114	114	114	114	114	114	114	114	114	114	114	114	114	114	114	114	114	85	114	114	114	95	114	114	103	114	114	114	114	114	114	114	114	114	114	114	-1	-1	-1	-1	
-1	-1	-1	-1	-1	-1	-1	-1	114	114	114	114	114	114	114	114	114	114	-1	-1	-1	-1	-1	114	114	114	114	114	114	114	114	114	114	114	114	114	114	114	114	114	114	114	114	114	114	114	114	114	114	114	114	114	114	114	114	114	114	114	114	114	114	114	114	114	114	114	114	33	114	114	114	114	114	114	114	114	-1	-1	-1	-1	
-1	-1	-1	-1	-1	-1	-1	-1	114	114	114	114	114	114	114	114	114	114	-1	-1	-1	-1	-1	114	114	114	114	114	114	114	114	114	114	114	114	114	114	114	114	114	114	114	114	114	114	114	114	114	114	114	114	114	114	114	114	114	114	114	114	114	114	114	114	114	114	114	114	76	114	114	114	114	114	114	114	114	-1	-1	-1	-1	
-1	-1	-1	-1	-1	-1	-1	-1	114	114	114	114	114	114	114	114	114	114	-1	-1	-1	-1	-1	114	114	114	114	114	114	114	114	114	114	114	114	114	114	114	114	114	114	114	114	114	114	114	114	114	114	114	114	114	114	114	114	114	114	114	114	114	114	99	114	114	86	114	114	114	114	114	114	114	114	114	114	114	-1	-1	-1	-1	
-1	-1	-1	-1	-1	-1	-1	-1	114	114	114	114	114	114	114	114	114	114	-1	-1	-1	-1	-1	114	114	114	114	114	114	114	114	114	114	114	114	114	114	114	114	114	114	114	114	114	114	114	114	114	114	114	114	114	114	114	114	114	114	114	114	114	114	92	114	110	114	114	114	114	114	114	114	114	114	114	114	114	-1	-1	-1	-1	
-1	-1	-1	-1	-1	-1	-1	-1	114	114	114	114	114	114	114	114	114	114	-1	-1	-1	-1	-1	114	114	114	114	114	114	114	114	114	114	114	114	114	114	114	114	114	114	114	114	114	114	114	114	114	114	114	114	114	114	114	114	114	114	114	114	114	114	114	114	114	114	114	114	114	56	114	114	114	114	114	114	114	-1	-1	-1	-1	
-1	-1	-1	-1	-1	-1	-1	-1	114	114	114	114	114	114	114	114	114	114	-1	-1	-1	-1	-1	114	114	114	114	114	114	114	114	114	114	114	114	114	114	114	114	114	114	114	114	114	114	114	114	114	114	114	114	114	114	114	114	114	114	114	114	114	114	114	114	114	114	114	114	114	39	114	114	114	114	114	114	114	-1	-1	-1	-1	
-1	-1	-1	-1	-1	-1	-1	-1	114	114	114	114	114	114	114	114	114	114	-1	-1	-1	-1	-1	114	114	114	114	114	114	114	114	114	114	114	114	114	114	114	114	114	114	114	114	114	114	114	114	114	114	114	114	114	114	114	114	114	114	114	114	114	114	114	114	114	114	114	114	114	93	114	114	114	114	114	114	114	-1	-1	-1	-1	
-1	-1	-1	-1	-1	-1	-1	-1	114	114	114	114	114	114	114	114	114	114	-1	-1	-1	-1	-1	114	114	114	114	114	114	114	114	114	114	114	114	114	114	114	114	114	114	114	114	114	114	114	114	114	114	114	94	114	114	114	114	114	114	114	114	114	114	114	114	114	114	114	114	114	114	114	114	114	114	114	114	114	-1	-1	-1	-1	
-1	-1	-1	-1	-1	-1	-1	-1	114	114	114	114	114	114	114	114	114	114	-1	-1	-1	-1	-1	114	114	114	114	114	114	114	114	114	114	114	114	114	114	114	114	114	114	114	114	114	114	114	114	114	114	114	114	114	114	114	114	114	114	114	114	114	114	114	114	114	114	114	114	114	114	31	114	114	114	114	114	114	-1	-1	-1	-1	
-1	-1	-1	-1	-1	-1	-1	-1	114	114	114	114	114	114	114	114	114	114	-1	-1	-1	-1	-1	114	114	114	114	114	114	114	114	114	114	114	114	114	114	114	114	114	114	114	114	114	114	114	114	114	114	114	114	114	105	114	114	114	114	114	114	114	114	114	114	114	114	114	114	114	114	114	114	114	114	114	114	114	-1	-1	-1	-1	
-1	-1	-1	-1	-1	-1	-1	-1	114	114	114	114	114	114	114	114	114	114	-1	-1	-1	-1	-1	114	114	114	114	114	114	114	114	114	114	114	114	114	114	114	114	114	114	114	114	114	114	114	114	114	114	114	114	114	114	114	114	114	114	114	114	114	114	114	114	114	114	114	114	114	114	64	114	114	114	114	114	114	-1	-1	-1	-1	
-1	-1	-1	-1	-1	-1	-1	-1	114	114	114	114	114	114	114	114	114	114	-1	-1	-1	-1	-1	114	114	114	114	114	114	114	114	114	114	114	114	114	114	114	114	114	114	114	114	114	114	114	114	114	114	114	114	114	114	114	114	114	114	114	114	114	114	114	114	114	119	114	114	114	114	114	114	114	114	114	114	114	-1	-1	-1	-1	
-1	-1	-1	-1	-1	-1	-1	-1	114	114	114	114	114	114	114	114	114	114	-1	-1	-1	-1	-1	114	114	114	114	114	114	114	114	114	114	114	114	114	114	114	114	114	114	114	114	114	114	114	114	114	114	114	114	114	114	114	114	114	114	114	114	114	114	114	114	114	114	114	114	114	114	40	114	114	114	114	114	114	-1	-1	-1	-1	
-1	-1	-1	-1	-1	-1	-1	-1	114	114	114	114	114	114	114	114	114	114	-1	-1	-1	-1	-1	114	114	114	114	114	114	114	114	114	114	114	114	114	114	114	114	114	114	114	114	114	114	114	114	114	114	114	114	114	114	114	114	114	114	114	114	114	114	114	114	114	114	114	114	114	100	114	114	114	114	114	114	114	-1	-1	-1	-1	
-1	-1	-1	-1	-1	-1	-1	-1	114	114	114	114	114	114	114	114	114	114	-1	-1	-1	-1	-1	114	114	114	114	114	114	114	114	114	114	114	114	114	114	114	114	114	114	114	114	114	114	114	114	114	114	114	114	114	114	114	114	114	114	114	114	114	114	114	114	114	114	114	114	114	114	41	114	114	114	114	114	114	-1	-1	-1	-1	
-1	-1	-1	-1	-1	-1	-1	-1	114	114	114	114	114	114	114	114	114	114	-1	-1	-1	-1	-1	114	114	114	114	114	114	114	114	114	114	114	114	114	114	114	114	114	114	114	114	114	114	114	114	114	114	114	114	114	114	114	114	114	114	114	114	114	114	114	114	101	114	114	114	114	114	114	114	114	114	114	114	114	-1	-1	-1	-1	
-1	-1	-1	-1	-1	-1	-1	-1	114	114	114	114	114	114	114	114	114	114	-1	-1	-1	-1	-1	114	114	114	114	114	114	114	114	114	114	114	114	114	114	114	114	114	114	114	114	114	114	114	114	114	114	114	114	114	114	114	114	114	114	114	114	114	114	114	114	114	114	114	114	114	114	60	114	114	114	114	114	114	-1	-1	-1	-1	
-1	-1	-1	-1	-1	-1	-1	-1	114	114	114	114	114	114	114	114	114	114	-1	-1	-1	-1	-1	114	114	114	114	114	114	114	114	114	114	114	114	114	114	114	114	114	114	114	114	114	114	114	114	114	114	114	114	114	114	114	114	114	114	114	114	114	114	114	114	114	114	114	114	114	114	48	114	114	114	114	114	114	-1	-1	-1	-1	
-1	-1	-1	-1	-1	-1	-1	-1	114	114	114	114	114	114	114	114	114	114	-1	-1	-1	-1	-1	114	114	114	114	114	114	114	114	114	114	114	114	114	114	114	114	114	114	114	114	114	114	114	114	114	114	114	114	114	114	114	114	114	114	114	114	114	114	114	114	114	114	114	114	114	114	118	114	114	114	114	114	114	-1	-1	-1	-1	
-1	-1	-1	-1	-1	-1	-1	-1	114	114	114	114	114	114	114	114	114	114	-1	-1	-1	-1	-1	114	114	114	114	114	114	114	114	114	114	114	114	114	114	114	114	114	114	114	114	114	114	114	114	114	114	114	114	114	114	114	114	114	114	114	114	114	114	114	114	114	114	114	114	114	114	112	114	114	114	114	114	114	-1	-1	-1	-1	
-1	-1	-1	-1	-1	-1	-1	-1	114	114	114	114	114	114	114	114	114	114	-1	-1	-1	-1	-1	114	114	114	114	114	114	114	114	114	114	114	114	114	114	114	114	114	114	114	114	114	114	114	114	114	114	114	114	114	114	114	114	114	114	114	114	114	114	114	114	114	114	114	114	115	114	114	116	114	114	114	114	114	-1	-1	-1	-1	
-1	-1	-1	-1	-1	-1	-1	-1	114	114	114	114	114	114	114	114	114	114	-1	-1	-1	-1	-1	114	114	114	114	114	114	114	114	114	114	114	114	114	114	114	114	114	114	114	114	114	114	114	114	114	114	114	114	114	114	114	107	114	114	114	114	114	114	114	114	114	114	114	114	114	114	114	114	114	114	114	114	114	-1	-1	-1	-1	
-1	-1	-1	-1	-1	-1	-1	-1	114	114	114	114	114	114	114	114	114	114	-1	-1	-1	-1	-1	114	114	114	114	114	114	114	114	114	114	114	114	114	114	114	114	114	114	114	114	114	114	114	114	114	114	114	114	114	114	114	114	114	114	114	114	114	114	114	114	114	114	114	114	114	114	114	70	114	114	114	114	114	-1	-1	-1	-1	
-1	-1	-1	-1	-1	-1	-1	-1	114	114	114	114	114	114	114	114	114	114	-1	-1	-1	-1	-1	114	114	114	114	114	114	114	114	114	114	114	114	114	114	114	114	114	114	114	114	114	114	114	114	114	114	114	114	114	114	114	114	114	114	114	114	114	114	114	114	114	114	114	114	114	114	114	114	120	114	114	114	114	-1	-1	-1	-1	
-1	-1	-1	-1	-1	-1	-1	-1	114	114	114	114	114	114	114	114	114	114	-1	-1	-1	-1	-1	114	114	114	114	114	114	114	114	114	114	114	114	114	114	114	114	114	114	114	114	114	114	114	114	114	114	114	114	114	114	114	114	114	114	114	114	114	114	114	114	114	114	114	114	114	114	114	89	114	114	114	114	114	-1	-1	-1	-1	
-1	-1	-1	-1	-1	-1	-1	-1	114	114	114	114	114	114	114	114	114	114	-1	-1	-1	-1	-1	114	114	114	114	114	114	114	114	114	114	114	114	114	114	114	114	114	114	114	114	114	114	114	114	114	114	114	114	114	114	114	114	114	114	114	114	114	114	114	114	114	114	114	114	114	114	114	97	114	114	114	114	114	-1	-1	-1	-1	
-1	-1	-1	-1	-1	-1	-1	-1	114	114	114	114	114	114	114	114	114	114	-1	-1	-1	-1	-1	114	114	114	114	114	114	114	114	114	114	114	114	114	114	114	114	114	114	114	114	114	114	114	114	114	114	114	114	114	114	114	114	114	114	114	114	114	114	114	114	114	114	114	114	114	114	114	114	114	114	114	114	114	-1	-1	-1	-1	
-1	-1	-1	-1	-1	-1	-1	-1	114	114	114	114	114	114	114	114	114	114	-1	-1	-1	-1	-1	114	114	114	114	114	114	114	114	114	114	114	114	114	114	114	114	114	114	114	114	114	114	114	114	114	114	114	114	114	114	114	114	114	114	114	111	114	114	114	114	114	114	114	114	114	114	114	114	114	114	114	114	114	-1	-1	-1	-1	
-1	-1	-1	-1	-1	-1	-1	-1	114	114	114	114	114	114	114	114	114	114	-1	-1	-1	-1	-1	114	114	114	114	114	114	114	114	114	114	114	114	114	114	114	114	114	114	114	114	114	114	114	114	114	114	114	114	66	114	114	114	114	114	114	114	114	114	114	114	114	114	114	114	114	114	114	114	114	114	114	114	114	-1	-1	-1	-1	
-1	-1	-1	-1	-1	-1	-1	-1	114	114	114	114	114	114	114	114	114	114	-1	-1	-1	-1	-1	114	114	114	114	114	114	114	114	114	114	114	114	114	114	114	114	114	114	114	114	114	114	114	114	114	114	114	114	69	114	114	114	114	114	114	114	114	114	114	114	114	114	114	114	114	114	114	114	114	114	114	114	114	-1	-1	-1	-1	
-1	-1	-1	-1	-1	-1	-1	-1	114	114	114	114	114	114	114	114	114	114	-1	-1	-1	-1	-1	114	114	114	114	114	114	114	114	114	114	114	114	114	114	114	114	114	114	114	114	114	114	114	114	114	114	114	98	114	114	114	114	114	114	114	114	114	114	114	114	114	114	114	114	113	114	114	114	114	114	114	114	114	-1	-1	-1	-1	
-1	-1	-1	-1	-1	-1	-1	-1	114	114	114	114	114	114	114	114	114	114	-1	-1	-1	-1	-1	114	114	114	114	114	114	114	114	114	114	114	114	114	114	114	114	114	114	114	114	114	114	114	114	114	114	114	102	114	114	114	114	114	114	114	114	114	114	114	114	114	114	114	114	114	114	114	114	114	114	114	114	114	-1	-1	-1	-1	
-1	-1	-1	-1	-1	-1	-1	-1	114	114	114	114	114	114	114	114	114	114	-1	-1	-1	-1	-1	114	114	114	114	114	114	114	114	114	114	114	114	114	114	114	114	114	114	114	114	114	114	114	114	114	114	114	104	114	114	114	114	114	114	114	114	114	114	114	114	114	114	114	114	114	114	114	114	114	114	114	114	114	-1	-1	-1	-1	
0	16	5	6	10	8	51	9	11	26	7	22	20	21	3	17	4	44	18	14	12	13	15	43	25	23	24	48	46	19	50	39	37	38	47	31	40	27	36	28	35	41	30	49	42	33	45	34	29	32	2	2	1	1	1	1	1	1	1	1	1	1	1	1	1	1	1	1	1	1	1	1	1	1	1	1	1	1	1	1	1	1	1	1	1	1	1	1	1	1	1	1	1	1	1	1	1	1	1	1	1	1	1	1	1	1	1	1	1	1	1	1	1	1	1	1	1	1	1	1	1	
	&	(	)	*	+	,	-	/	:	;	lt	=	gt	{	|	}	~	&&	*=	+=	-=	/=	region	lte	eq	gte	do	if	||	for	int	bool	char	else	enum	long	main	void	class	const	float	union	while	double	public	return	static	struct	private	num	num	id	id	id	id	id	id	id	id	id	id	id	id	id	id	id	id	id	id	id	id	id	id	id	id	id	id	id	id	id	id	id	id	id	id	id	id	id	id	id	id	id	id	id	id	id	id	id	id	id	id	id	id	id	id	id	id	id	id	id	id	id	id	id	id	id	id	id	id	id	
